532
552
560
399
534
770
759
1000
822
526
344
831
876
478
658
767
861
289
343
67
447
626
110
438
691
627
846
768
788
464
71
671
15
982
421
900
751
180
899
924
57
595
754
932
424
764
698
284
404
392
351
850
369
812
640
59
438
837
179
577
300
249
247
666
230
667
565
333
198
816
256
254
410
362
538
833
477
587
468
880
979
818
81
347
981
720
758
770
557
936
346
208
536
944
874
117
963
790
801
512
605
409
766
366
770
655
550
598
241
18
477
571
187
557
918
520
629
27
289
537
314
987
744
201
282
969
317
244
759
470
756
363
878
873
81
999
879
630
596
119
999
424
690
186
332
959
705
960
337
345
496
650
331
592
850
613
560
518
208
318
339
315
33
216
539
113
214
417
94
161
536
93
584
577
630
916
535
686
875
871
382
723
872
65
314
73
677
873
942
236
543
281
551
575
496
441
687
62
858
132
222
745
576
806
321
205
721
207
242
947
429
624
21
300
688
334
724
716
559
665
303
101
945
853
675
793
294
713
854
503
844
75
247
772
232
919
976
952
125
570
251
905
545
271
556
584
957
279
299
515
943
601
615
240
806
641
32
451
353
885
953
548
311
551
319
543
469
647
846
945
568
96
849
112
719
404
695
675
34
345
541
976
297
507
567
454
147
598
904
851
834
208
398
145
758
69
687
578
715
884
522
282
332
370
745
402
125
791
76
158
135
968
486
431
474
52
885
620
2
140
470
835
348
219
979
457
287
17
35
353
253
908
986
584
278
730
985
754
520
412
912
6
379
749
789
852
152
25
823
153
164
292
988
863
510
318
320
149
687
706
501
939
613
839
874
242
568
858
996
440
621
259
445
999
359
233
202
510
257
24
663
773
667
2
635
528
319
306
676
5
11
529
295
976
367
168
217
286
377
564
725
349
174
170
347
532
754
900
42
11
923
56
783
941
57
769
469
727
75
144
84
437
672
378
412
390
898
981
676
626
544
400
975
70
921
673
601
675
573
994
37
847
401
171
788
809
939
256
536
365
751
619
802
775
348
565
164
245
545
839
871
441
591
845
862
511
869
814
537
441
808
573
640
560
95
427
369
34
34
904
750
784
874
551
558
221
468
722
818
364
912
40
156
502
236
17
365
104
831
901
