915
413
602
614
560
829
759
216
528
227
296
539
669
854
972
577
493
299
619
97
826
440
336
604
773
224
907
550
486
746
768
400
158
369
365
69
549
476
636
77
702
932
967
370
785
938
947
630
589
917
726
766
356
413
721
480
637
627
382
122
372
149
873
881
870
238
950
418
713
937
846
766
868
813
488
5
102
786
634
42
702
711
807
58
123
528
889
111
506
270
584
878
771
457
110
640
46
411
57
110
348
903
227
567
67
714
571
520
499
556
562
201
618
720
610
741
599
498
851
105
120
435
334
890
243
443
529
640
854
937
101
553
839
327
119
257
393
42
777
891
949
690
443
567
409
52
307
8
902
509
464
373
295
797
262
889
591
142
880
444
78
332
348
269
659
467
525
51
508
301
293
456
990
736
22
751
139
680
110
392
541
573
764
187
369
377
428
959
518
307
755
948
639
102
216
649
920
92
51
427
745
343
235
86
430
608
836
921
640
945
312
180
517
428
718
237
804
145
548
674
452
654
621
442
107
188
442
27
279
492
805
23
186
391
109
968
999
296
888
638
241
551
169
109
330
886
698
134
31
245
159
834
250
131
627
356
318
68
382
948
911
539
323
96
929
783
415
279
430
654
916
22
205
436
131
534
322
180
19
704
424
177
889
673
659
515
380
328
934
114
628
844
652
950
291
932
84
706
211
513
359
478
535
915
914
17
801
587
196
819
642
971
348
530
995
358
396
374
686
329
487
313
172
490
614
462
422
697
519
984
561
230
813
95
144
726
463
944
664
10
115
305
980
814
186
326
171
581
52
856
909
890
520
432
380
133
246
153
829
764
488
742
993
300
188
489
378
651
784
41
12
250
698
992
63
235
669
234
816
720
441
76
610
961
860
341
445
105
845
626
220
332
367
565
631
554
405
360
556
188
401
568
438
450
911
852
36
579
437
851
651
878
279
612
190
138
952
634
594
148
259
813
479
977
729
461
531
133
821
438
673
573
5
110
374
915
961
409
846
750
612
496
627
242
107
168
731
410
153
324
557
764
488
387
740
569
199
622
701
19
60
373
943
416
834
668
331
147
429
528
896
40
23
874
281
129
393
363
890
545
686
446
660
525
184
752
93
382
725
146
401
784
870
695
200
704
715
882
202
143
