946
97
317
252
587
38
692
391
133
540
992
796
982
487
443
500
202
196
723
868
30
681
733
532
291
182
753
467
955
613
117
900
61
433
504
647
470
195
389
954
86
732
750
419
570
192
918
772
739
992
991
120
672
724
3
314
257
755
780
211
719
896
463
131
681
966
777
150
512
517
456
597
248
557
15
818
100
284
941
190
275
931
309
299
6
311
612
262
417
744
825
487
991
287
617
671
252
745
173
763
261
628
711
860
536
77
29
635
360
969
824
634
252
484
284
609
146
248
871
562
991
695
400
333
333
16
4
584
112
528
698
724
507
760
583
42
836
612
28
195
932
203
180
183
686
464
792
831
711
14
744
53
60
143
385
392
510
740
327
973
267
24
696
125
783
278
166
970
241
545
164
173
747
695
707
432
510
498
614
572
863
709
624
274
851
361
665
712
100
991
684
719
366
379
843
500
9
361
469
249
905
984
421
652
31
128
435
540
977
401
112
192
109
87
465
312
447
482
23
899
824
59
617
190
437
811
41
445
171
862
694
76
197
466
727
227
945
513
119
922
913
230
465
22
668
929
333
115
762
355
365
586
413
981
775
202
791
167
998
314
28
43
389
225
509
467
803
453
979
921
726
892
502
190
265
170
471
597
636
232
303
1000
817
68
332
943
621
474
110
618
787
489
661
175
65
521
993
868
973
972
140
51
215
642
592
831
163
414
427
150
998
81
149
166
148
480
109
120
953
570
738
92
410
750
618
475
270
611
694
594
934
185
644
500
826
588
330
340
1
756
489
998
188
989
164
336
468
624
807
773
545
544
864
954
293
481
780
562
443
825
156
376
10
151
875
187
738
204
527
91
311
367
88
499
356
603
186
175
578
992
299
474
888
162
780
180
995
559
94
789
736
601
165
745
751
391
283
841
595
809
931
257
528
370
755
883
973
292
409
902
284
708
376
171
869
155
702
215
65
795
4
800
395
520
896
498
910
179
338
856
339
620
113
866
989
219
100
313
511
509
215
146
216
942
668
436
96
369
3
512
516
358
664
262
877
559
759
138
89
448
994
780
67
458
645
408
28
97
720
538
605
934
683
172
227
350
607
674
71
961
186
586
318
849
847
546
759
958
684
200
757
29
979
176
486
975
583
513
423
302
