241
541
15
201
405
814
135
578
286
827
475
573
632
845
863
798
446
245
219
342
23
185
187
660
411
181
127
7
199
562
564
791
103
579
992
507
744
126
84
30
952
911
602
936
755
816
733
553
412
304
246
434
840
433
93
250
613
571
256
163
133
172
954
235
750
297
741
493
422
177
874
726
87
828
661
193
643
745
745
55
48
991
488
239
423
933
488
387
503
96
550
987
267
855
221
368
151
314
212
924
490
86
649
576
913
309
120
555
406
865
961
805
207
449
44
981
733
883
367
587
978
268
574
596
474
146
315
976
459
527
900
300
612
548
227
876
209
347
782
614
211
743
770
769
543
813
749
275
696
467
213
25
87
786
973
560
932
287
536
742
813
435
42
776
334
620
3
894
966
785
859
528
879
629
296
421
793
396
47
840
863
259
865
301
397
189
860
680
827
747
421
640
533
814
767
867
786
122
112
751
906
971
631
784
599
278
556
391
674
602
231
888
212
447
188
960
987
399
639
813
146
412
804
678
577
923
896
362
44
8
465
949
330
95
84
928
724
991
670
749
944
252
988
155
50
527
467
388
926
105
201
423
868
4
100
445
278
348
158
321
707
622
621
36
68
704
963
144
46
984
892
989
588
880
496
989
406
962
377
683
418
577
105
286
932
557
82
210
904
239
530
610
213
503
645
280
206
959
423
604
294
667
592
881
898
439
222
303
400
598
338
818
174
442
455
457
998
888
666
253
126
548
862
338
50
858
970
607
168
744
210
462
410
154
694
307
592
915
962
344
512
299
513
37
92
967
846
442
854
863
694
331
410
908
21
811
765
990
770
285
733
331
746
495
836
791
153
428
58
114
771
569
764
635
958
208
953
803
649
806
17
342
488
779
601
508
589
718
849
710
2
582
41
747
428
228
889
580
655
946
46
777
867
161
411
824
368
363
978
16
520
994
710
360
772
310
867
713
27
716
774
28
649
814
126
428
42
367
7
48
312
404
177
178
565
939
353
932
654
682
300
525
676
361
884
799
22
103
863
401
170
637
780
170
802
258
597
195
624
603
595
935
7
771
465
923
61
817
206
714
499
505
239
526
217
474
676
239
928
539
639
97
527
418
266
328
675
862
523
650
817
117
585
175
239
401
97
299
569
654
