541
521
425
93
273
615
799
247
323
539
954
689
574
491
201
700
423
4
430
698
496
660
2
990
585
877
612
86
420
870
601
312
742
25
404
15
991
202
613
665
93
566
354
666
57
906
717
831
909
146
880
756
157
881
745
93
110
708
531
529
578
131
840
671
507
596
685
497
797
298
513
889
863
218
906
271
123
622
453
383
119
333
139
628
565
883
72
26
591
602
906
520
732
98
190
238
693
227
86
489
876
951
730
90
168
987
713
643
609
165
25
79
849
163
706
414
398
778
791
340
731
697
211
463
794
400
52
486
978
490
326
853
792
407
295
959
394
7
601
354
171
978
432
372
140
490
137
889
619
927
228
349
623
438
163
416
190
567
253
519
408
579
724
199
985
18
157
730
24
110
83
546
87
867
917
578
708
53
467
678
980
46
378
954
836
541
370
377
459
974
895
866
552
970
416
889
987
924
970
362
33
405
908
471
271
824
401
330
229
219
7
208
264
384
161
451
276
882
827
734
208
74
951
111
395
366
999
382
290
321
95
674
725
2
497
347
178
897
676
406
115
34
965
730
769
477
181
45
711
359
130
918
784
433
28
179
798
379
912
439
699
6
465
423
360
961
121
537
857
148
294
323
181
258
52
949
86
584
345
796
943
475
713
78
907
93
608
56
471
871
847
521
229
311
295
588
623
415
476
831
562
769
153
94
378
556
42
463
140
387
259
434
213
323
511
471
415
471
878
885
341
724
405
569
386
699
508
8
465
983
838
26
751
342
119
128
898
513
591
37
251
201
470
815
523
332
285
938
802
162
174
143
886
931
63
623
629
571
631
446
553
820
471
656
162
942
783
59
806
725
95
56
925
916
870
448
247
506
737
49
667
910
543
904
840
957
527
821
527
509
266
432
328
88
87
489
381
221
547
538
946
993
945
222
908
166
21
507
671
757
907
690
19
801
945
210
757
823
382
284
331
999
715
659
439
153
499
819
373
398
357
670
390
301
244
650
819
264
508
489
373
414
178
743
214
475
952
970
297
334
605
628
332
671
638
770
823
136
941
196
885
649
217
275
301
460
276
119
724
783
960
448
548
489
190
113
963
493
82
260
178
39
239
862
709
876
631
532
363
923
79
248
923
647
874
576
107
501
694
182
