687
941
63
381
928
611
1
555
727
52
659
511
299
263
964
931
70
509
472
624
664
378
248
250
228
563
642
502
727
713
581
765
6
995
498
285
957
498
839
684
901
497
546
552
111
509
834
180
369
305
155
385
35
755
634
262
669
627
763
395
692
696
512
697
42
9
981
999
858
819
34
111
667
579
14
777
440
847
308
160
151
462
544
185
568
530
798
236
156
913
983
199
608
494
895
1
854
227
351
63
397
384
525
63
315
538
839
106
736
146
617
239
960
513
775
879
42
573
115
549
485
97
748
444
942
994
444
795
221
147
209
969
530
734
32
196
623
222
301
359
720
270
597
31
782
371
909
823
943
23
723
779
471
470
222
412
816
18
558
388
164
767
356
45
852
387
241
474
609
893
832
680
162
780
710
943
503
618
117
797
993
840
576
463
661
149
875
828
518
784
215
33
902
571
78
753
309
670
227
269
562
410
948
76
542
657
370
44
275
839
840
619
30
767
81
42
916
307
870
785
91
84
818
992
6
895
745
315
564
323
583
477
84
531
904
625
187
626
668
813
464
860
431
845
626
864
886
541
170
755
326
612
191
143
604
196
389
700
510
304
374
445
780
457
975
36
82
513
661
749
678
476
608
460
320
586
323
205
126
493
312
803
456
502
297
59
697
37
110
207
340
483
3
472
940
977
507
373
841
519
121
518
346
81
330
665
666
652
221
143
496
532
298
952
33
946
362
730
983
472
288
322
306
290
145
597
618
3
969
810
521
442
328
866
522
9
882
539
660
103
33
508
986
330
811
19
276
172
100
258
995
739
931
653
380
76
249
997
78
218
806
951
659
485
168
532
493
402
70
505
856
102
364
841
784
174
211
59
345
310
668
692
400
950
344
779
25
944
127
455
161
285
757
171
769
276
702
614
677
123
470
532
577
833
725
360
6
935
770
702
245
789
745
996
738
440
775
115
384
901
921
896
185
677
419
306
952
120
271
981
595
740
512
171
924
236
882
281
171
3
982
767
791
79
762
528
518
888
994
253
789
914
149
325
942
567
630
894
38
900
874
984
991
737
506
914
325
387
194
847
741
528
965
531
958
78
411
475
966
404
80
106
318
228
430
259
146
412
504
535
663
729
519
6
818
24
271
142
763
465
