186
922
743
973
698
593
570
977
920
290
183
408
269
363
158
885
439
997
892
121
861
473
70
586
494
484
391
572
666
490
513
851
764
607
175
461
199
745
789
470
386
971
877
654
334
34
890
124
382
133
597
243
606
666
180
451
149
922
374
814
411
238
16
174
844
191
986
394
287
775
863
672
97
91
677
782
476
567
906
858
699
502
452
656
519
983
458
20
904
184
833
666
421
201
192
617
743
529
10
29
655
225
700
752
667
376
533
143
294
790
352
993
643
155
1000
162
137
810
181
392
993
365
409
765
917
952
381
659
481
743
687
487
319
738
590
985
466
475
127
759
616
478
103
259
632
103
420
120
912
952
511
256
668
272
20
585
223
401
243
55
495
282
894
813
19
483
797
836
957
276
595
573
105
697
183
89
151
954
208
414
905
71
669
572
694
41
508
916
793
103
323
287
384
216
451
754
698
599
590
7
874
536
931
979
584
113
419
87
66
978
500
322
48
521
245
741
913
753
9
705
855
331
343
590
898
793
695
595
391
636
953
265
171
235
595
107
347
365
193
764
342
44
437
742
564
682
834
828
434
842
532
640
524
874
581
421
18
275
368
409
263
672
25
433
907
971
891
605
335
83
721
28
127
157
769
42
838
603
870
623
796
753
614
672
979
194
444
996
821
163
756
83
835
780
867
93
102
758
697
788
192
417
816
670
926
584
64
763
538
933
738
686
37
351
357
15
897
152
11
717
315
766
151
501
898
17
593
999
774
641
787
318
410
602
987
335
537
50
449
427
334
186
112
371
889
820
385
785
323
747
853
637
865
3
489
114
19
81
112
145
74
250
462
483
203
800
817
92
850
617
518
183
803
981
905
43
152
642
827
474
740
31
463
604
385
951
717
755
384
181
899
809
782
712
291
337
864
459
428
713
75
297
247
229
277
504
271
780
145
449
253
884
479
67
840
215
370
908
970
753
440
220
561
222
284
203
558
147
661
337
211
87
633
809
316
261
312
586
40
808
387
644
692
217
711
883
432
80
790
401
184
230
620
96
803
903
298
712
401
310
48
611
748
680
420
63
940
731
1
331
539
387
326
582
603
36
464
34
467
605
786
2
186
406
97
988
660
746
699
61
407
98
23
155
777
442
217
68
525
569
