595
643
170
928
239
245
328
226
349
804
861
815
257
5
699
65
258
495
755
28
180
233
821
206
622
817
383
343
546
590
142
140
585
312
420
823
908
747
48
257
550
261
423
806
265
121
223
522
615
977
902
147
209
722
352
182
890
734
525
435
676
666
574
612
329
345
434
237
91
833
845
992
93
619
150
709
739
372
231
706
700
484
204
908
205
555
442
94
641
966
880
668
631
805
279
312
150
64
900
592
896
744
584
989
362
733
697
452
456
279
509
155
762
712
414
318
619
855
763
611
820
642
278
803
799
908
114
948
971
365
539
218
108
474
558
821
558
607
624
13
237
133
519
351
196
933
668
814
787
783
424
959
776
53
761
574
312
226
521
634
590
412
852
49
237
409
221
795
367
844
159
604
328
678
954
524
610
973
689
748
755
113
706
883
517
818
456
829
395
329
462
336
92
665
384
328
426
956
474
792
800
633
395
479
662
348
2
623
673
691
370
427
155
428
309
23
597
117
851
344
445
665
679
888
329
415
215
754
370
689
546
521
673
292
1000
334
992
353
308
664
395
677
442
901
456
103
924
405
219
774
748
15
438
778
902
767
544
468
872
266
508
417
786
532
709
137
217
700
842
524
715
236
553
156
489
8
258
412
764
828
537
863
842
327
641
95
445
536
563
316
801
422
733
939
954
793
75
170
844
268
694
558
856
246
713
344
605
323
755
721
150
291
583
992
617
223
438
61
759
352
377
911
774
461
849
79
605
276
248
448
543
293
357
398
890
421
93
495
743
847
215
893
490
149
884
106
372
673
519
482
25
247
744
798
59
593
876
663
868
475
462
762
768
818
512
657
238
604
503
981
803
69
873
292
218
108
749
941
780
267
774
156
513
517
305
571
109
180
585
328
7
46
442
126
863
305
782
453
908
637
785
710
705
657
1
922
116
102
862
247
368
635
403
233
152
59
155
612
591
740
292
597
785
733
722
1000
37
855
804
296
491
588
358
196
596
710
117
63
811
331
309
179
965
63
763
468
122
917
432
712
656
723
660
793
807
381
144
195
235
947
490
726
886
847
273
481
909
389
543
719
71
203
249
36
618
11
855
91
928
286
154
935
360
813
79
166
545
222
360
779
520
202
856
405
400
128
237
308
869
131
