327
49
785
150
309
942
492
818
281
50
223
157
244
185
214
731
42
597
174
761
283
380
95
195
254
647
164
258
632
782
336
959
183
120
108
491
61
952
661
694
1
235
850
245
772
415
327
813
11
852
573
646
583
668
840
188
314
355
445
298
137
780
256
319
251
715
161
312
18
173
357
19
408
206
615
179
972
293
343
983
144
915
980
727
934
171
914
600
526
711
897
14
842
504
684
93
570
844
756
588
17
112
958
776
669
572
306
640
216
648
974
359
914
305
85
200
476
351
799
353
61
695
366
254
198
49
346
767
244
453
706
612
564
663
387
584
586
44
576
801
43
549
512
309
854
948
508
681
298
306
33
710
1000
750
964
549
150
661
667
393
114
373
357
29
387
95
613
973
139
188
125
533
88
636
841
293
584
700
973
233
5
357
943
356
458
258
904
607
918
571
352
383
295
708
412
681
154
376
653
292
915
130
177
2
765
17
647
348
717
971
933
73
680
875
429
137
484
684
96
401
254
447
136
900
506
547
581
659
274
585
303
188
714
479
541
479
847
539
178
915
510
110
340
189
336
768
325
819
451
420
572
57
218
707
956
75
605
888
734
878
473
388
417
186
218
309
664
64
848
194
331
709
303
670
897
991
789
573
809
591
345
732
999
914
438
307
989
42
194
74
271
666
813
39
852
30
700
867
445
899
60
775
607
363
796
855
705
936
779
513
527
475
245
525
389
34
831
729
428
25
802
698
42
966
89
893
995
788
760
439
686
171
566
644
533
713
498
237
649
276
102
175
103
698
51
491
731
234
571
158
610
372
208
651
337
296
896
683
435
655
121
120
825
38
115
710
751
612
298
399
239
751
925
341
800
327
183
531
560
753
40
169
476
599
172
164
246
67
846
680
721
319
151
897
356
265
958
106
228
608
504
467
358
780
159
158
107
342
40
666
446
431
187
922
30
358
85
627
424
283
307
496
601
809
392
956
74
702
62
301
309
917
119
18
697
278
527
155
971
566
820
416
349
6
337
730
363
774
356
786
56
662
281
8
471
25
963
896
726
376
196
386
645
667
403
693
944
282
847
266
199
666
681
547
24
370
276
738
495
984
876
550
645
508
557
467
532
871
362
609
599
910
346
243
928
101
287
223
382
133
