830
799
372
940
83
600
591
84
430
501
403
518
253
862
583
67
87
274
399
708
815
800
269
469
697
49
831
835
447
992
803
276
790
174
567
224
126
158
308
907
10
710
424
262
924
358
680
362
632
78
421
446
229
689
266
926
737
96
112
535
439
914
163
580
440
729
804
565
238
111
823
247
172
246
508
447
604
540
808
235
617
228
32
198
268
298
475
356
745
586
891
184
851
53
115
642
781
918
558
19
380
380
617
904
978
477
350
581
16
510
167
984
737
198
181
5
495
655
360
592
592
602
775
795
654
889
436
435
159
346
805
538
725
421
441
702
897
143
634
264
652
800
248
740
350
780
744
196
435
456
787
378
409
913
172
63
154
960
849
312
305
653
201
381
425
994
83
674
136
716
937
787
868
184
526
569
964
622
764
750
429
551
479
837
815
3
899
968
962
99
631
618
103
832
998
528
825
80
201
960
148
489
98
367
673
623
935
988
596
50
737
24
952
567
213
767
569
463
734
530
562
365
147
664
548
497
191
372
576
743
683
75
232
780
793
256
754
79
243
350
129
331
725
80
897
937
846
466
400
932
347
313
296
846
976
843
342
519
566
269
261
248
696
844
379
488
99
132
567
693
833
695
23
558
774
272
846
972
89
597
903
435
909
550
632
885
744
973
755
309
242
367
908
289
211
286
776
661
769
694
354
602
740
728
511
866
999
356
837
439
953
91
874
213
640
857
449
383
830
203
43
423
570
302
711
132
939
838
792
59
532
497
660
623
225
522
488
575
230
324
14
534
414
239
746
405
447
195
139
628
749
181
50
318
834
112
449
124
302
593
183
185
441
194
807
17
716
295
944
945
970
957
478
384
547
575
140
345
769
279
973
518
811
22
187
645
486
988
768
139
932
302
323
372
496
481
389
211
775
332
507
97
640
336
832
538
910
971
882
31
249
854
548
60
228
86
704
65
73
823
203
4
125
877
728
972
357
116
534
484
799
392
580
438
727
411
327
636
381
208
666
630
414
565
689
993
651
744
57
75
918
611
431
394
487
158
717
843
625
250
678
423
641
257
212
367
667
538
355
48
97
372
29
862
937
69
854
939
164
262
365
81
224
795
827
710
952
543
905
576
793
582
350
785
839
561
504
857
450
858
